<?xml version="1.0" encoding="UTF-8"?>
<map version="1.10" tiledversion="1.10.2" orientation="orthogonal" renderorder="right-down" width="12" height="8" tilewidth="16" tileheight="16" infinite="0">
 <tileset firstgid="1" name="fe8-metatiles-16px-4096" tilewidth="16" tileheight="16" tilecount="4096" columns="64"/>
 <layer id="1" name="Main" width="12" height="8">
  <data encoding="csv">
397,397,397,397,397,397,397,397,397,397,397,397,
397,137,2413,2157,2281,2393,2845,2365,1545,2333,2349,397,
397,137,2393,397,2505,3001,2365,2093,2249,1717,2333,397,
397,3097,177,317,285,2717,2757,2101,1697,1717,2213,397,
397,2873,2969,409,413,2505,3001,2757,2989,1977,2341,397,
397,2461,1705,2117,397,397,2973,3097,653,397,2237,397,
397,1677,2473,1985,2717,1537,2069,2761,3109,2881,2717,397,
397,397,397,397,397,397,397,397,397,397,397,397
  </data>
 </layer>
</map>
